7350
36872
9385
31502
91261
12446
22706
39013
19882
91179
25186
40316
51252
99314
8800
44286
1390
12937
13344
49257
62566
60948
71905
75131
84891
195
72964
30700
10753
33118
73572
55655
85406
35061
44764
90991
43231
8699
35698
12715
59012
11082
66332
22584
41201
27739
59792
87248
28360
30132
5173
98210
21758
75295
39302
18078
35102
48266
2376
23561
27284
68819
93293
56557
88633
68759
13518
30382
23239
16888
70920
83488
28326
72700
80502
71145
79472
5879
94029
48464
5803
1634
82534
34867
9294
73364
51873
89769
96011
43601
84115
37730
49653
18385
3235
14365
49647
59752
69256
72211
48362
59390
75439
62189
55871
66486
78632
71213
177
62272
21193
11518
75274
958
43868
27084
1986
7381
48458
47250
45486
95966
31115
79108
66313
77171
9812
78119
32950
11285
71453
71960
39600
36453
15569
9072
31326
56857
88524
27015
42047
38784
4096
6210
8209
59495
24590
11773
25430
74187
99840
6302
47790
3682
44649
47681
73771
30417
51322
52005
71046
94320
58418
28022
62429
99788
66590
38852
96459
9367
18960
29273
32617
3369
8498
49300
81221
2045
68833
25655
57230
85197
63019
34812
86638
70119
29414
51564
92420
912
62251
46582
73363
76988
47612
61236
53020
53478
72701
63741
86610
74031
29187
14929
35913
37357
11155
35224
93164
5614
51982
3015
55501
80756
84622
16580
67811
62053
27363
19118
55412
852
71366
81715
48658
1501
43497
3710
62191
3353
48694
8413
32252
20724
55528
99366
30250
97163
5997
22282
6571
77142
98727
65972
25418
40716
88749
17568
63281
73992
93513
44688
94814
22555
65014
78562
25152
7853
42940
73196
83706
89089
56862
31191
13604
32827
13705
31300
85285
29704
31407
53313
48933
79962
76228
30352
10627
7292
38511
3122
676
3046
67871
1676
22471
74889
61293
57544
78197
77854
93231
80647
64577
99443
19411
44050
75761
92194
92851
56314
29420
43767
5904
73217
3553
63774
66720
26005
65369
55916
62409
46530
13743
51948
78127
38717
44186
82699
45070
28647
94001
19606
93498
27302
26808
52236
22448
78978
42097
24413
93834
68365
89000
82135
21950
17745
71293
96014
80320
88652
68817
19169
21034
52025
33386
39453
13570
40121
51315
83918
15972
4341
41219
4332
8188
78474
37336
91464
13856
43545
93001
92883
70186
89527
7350
36660
38728
88014
92698
91349
29609
24643
57343
36627
47354
16065
23321
31875
39523
30981
84374
37213
27465
54544
88283
55875
85101
91217
9737
25508
78889
4224
52241
74706
90073
27010
75197
3919
69669
40600
26044
55957
42123
96427
72758
73825
25502
22014
26696
69597
90496
39081
56025
13881
70659
82640
74107
90495
18378
41080
71162
18726
9536
30430
3522
5015
16706
40073
92822
43994
29997
79519
44090
98185
37588
1030
49863
54821
11337
79627
81171
5489
99000
18388
35858
68274
26762
75195
21299
93532
67698
77932
66094
29656
42410
78063
24043
25647
90482
55114
20118
92190
92297
75374
20989
61397
97654
8684
1513
62577
40021
87697
62715
12050
99659
16089
78090
49118
83805
95801
52275
62069
29933
58653
36591
99542
37530
22715
21783
177
30618
19321
86408
3843
59175
70621
18170
45982
17785
59957
29611
78403
27807
41633
13125
78909
57873
13726
49719
63766
49972
